Mean Noise Amplitude <length scales>
-----------ALL SAMPLES-------------
-0.00155620090414 7.81944807695e-05 0.00441560849701 0.141665937103 0.286755738524 1.37168398102 1.94492622741 0.319815779127 1.07136240064 1.26249794371 
-0.00157346425999 4.60477426712e-05 0.0044088994525 0.163497524718 0.280748139101 1.38243089315 1.94342849559 0.441971262277 0.939930245684 1.13184067342 
-0.00156242439738 8.51236494802e-05 0.00437641263042 0.218114834733 0.274141440147 1.30508061111 1.72562056601 0.308125183761 1.94572757456 1.42362814956 
-0.00159215431356 0.000107653546719 0.00435371121324 0.210876848541 0.256348026164 1.44211862699 1.97568322357 0.313851434521 1.98531162794 1.3081518077 
-0.0015176751565 5.67685587621e-05 0.00448753677382 0.217275524205 0.246994574763 1.99116763642 1.98410277217 0.342259417294 1.76759819513 1.49978030441 
-0.00151622124067 8.08778654054e-05 0.00448544648324 0.17535619394 0.231366370221 1.88732311065 1.65231375609 0.418071810685 1.12587000886 1.82032279392 
-0.00151564959824 7.81656085301e-05 0.00448220264815 0.220980676788 0.354625325791 1.76238720807 1.81052963035 0.356353340379 1.98664592953 1.98695847782 
-0.00148636105669 5.22249005835e-05 0.00451810772918 0.262936688848 0.326294100159 1.85907905612 1.88577091132 0.488488403498 1.8247171416 1.45493044765 
-0.00140396977662 7.16435458557e-05 0.00452890608015 0.291452056074 0.18594454467 1.66128027814 1.87167997545 0.428279590447 1.66641498241 1.66721319168 
-0.00165979760306 5.72092095324e-05 0.00459183436845 0.0627444268932 0.35434496672 1.91603426678 1.86114920131 0.454016139354 1.60312433101 1.83013969336 
-----------MEAN OF SAMPLES-------------
-0.00153839183068 7.13909108309e-05 0.00446486658762 0.196490071184 0.279756322626 1.65785856684 1.86552047593 0.387123236134 1.59167024374 1.53854634832 
