Mean Noise Amplitude <length scales>
-----------ALL SAMPLES-------------
-0.030702737038 0.0116463772262 0.0513879003681 1.40896354689 0.370062793137 1.42653542307 0.583573019518 1.43281719813 1.58044988319 0.816134509056 
-0.05334060501 0.00760959235716 0.0513668857863 1.69828756408 1.00243719567 1.81882698338 0.880644028352 0.766437952356 1.95731506494 1.73112988268 
-0.0516333933828 0.00549266047379 0.0506590941043 1.54152213362 0.643950760371 1.11592708301 1.28097588108 1.08445287607 1.13501532126 1.71399101469 
-0.0515195867747 0.00545106846438 0.0506045031822 1.58484222986 1.57572814772 1.79412583705 0.517427343553 1.21086660869 1.59438326705 1.64738141984 
-0.0512695933445 0.0055740071642 0.0499683807276 0.975346842863 0.908934593631 1.0724143484 0.400189721185 0.707887343405 1.45471487098 1.26523951379 
-0.0513783027478 0.00628534983304 0.0498432076987 1.95564970985 1.09081306027 1.37054202962 1.25722633397 1.00089932206 1.75701767661 1.56920443835 
-0.0512745429477 0.0055048266671 0.0492113670882 1.5211171004 1.28986131593 1.94201025237 1.33631912214 1.17464748339 1.92249022265 1.6633345214 
-0.0511896871297 0.00568090697055 0.0491053473737 0.459780567328 0.816376475284 1.83024908623 0.877980691472 1.64402208627 1.62017404585 0.382475690049 
-0.0104130466782 0.00974168564315 0.0561553571268 1.80995723053 0.343026321923 1.76863381973 0.835193379281 1.71170098448 1.20032612279 0.941086526307 
-0.0146939004161 0.0107602012723 0.0577913442238 0.666477386293 1.21260675004 0.604177466024 0.987918029374 1.90984463956 1.30873909718 0.534660618152 
-----------MEAN OF SAMPLES-------------
-0.041741539547 0.00737466760719 0.051609338768 1.36219443117 0.925379741398 1.47434423289 0.895744754993 1.26435764944 1.55306255725 1.22646381343 
