Mean Noise Amplitude <length scales>
-----------ALL SAMPLES-------------
-0.0345616762419 0.00238136217935 0.149464699046 0.480279171537 1.85052954458 0.954803255465 1.1258723921 1.02971423488 1.92486596856 0.687863202236 
-0.0346740230144 0.0025166176301 0.149532855491 1.51009711756 0.573447869492 1.36147291602 1.47921983991 1.962917833 1.88335590662 0.838407792685 
-0.0346173455955 9.37582387204e-05 0.150180532337 0.97737262832 0.430086605517 1.4202945635 1.11785962836 1.51554755827 1.91218475093 0.602514381614 
-0.0344487631983 4.54295650728e-06 0.150143590058 0.622331830639 0.628632892626 1.97910787041 1.94271605138 1.85019091999 1.93113249559 0.612453289121 
-0.0344481981864 2.09623079137e-05 0.150093135548 0.77112878666 0.583382374174 1.92690800849 1.93165902501 1.77053426597 1.84562722983 0.558696689353 
-0.034373707826 0.000112612794 0.149981242068 0.903204817531 0.61432981898 1.54463086783 1.74766275301 1.94182054779 1.99520390006 0.500823244291 
-0.0341125036119 0.000161432837692 0.148439108403 0.906153320567 0.584759524978 1.4970491796 1.80965346698 1.79131379435 1.9436904893 0.49021324102 
-0.0341706202816 0.000107580071284 0.148449576087 0.466437370845 0.510015170108 1.5797791292 1.71916521582 1.85046607401 1.76828750286 0.571082790727 
-0.0355595225644 0.000394818323119 0.146175762523 0.618500502432 1.01014729552 1.87863019691 1.38655184329 1.14577158396 1.88591032488 0.513961645287 
-0.0356670087079 0.000648972674336 0.14754257766 0.34380028183 1.08432171428 1.85516704957 1.62744612812 1.37341543967 1.31391187218 0.704932791535 
-----------MEAN OF SAMPLES-------------
-0.0346633369228 0.000644266001303 0.149000307922 0.759930582793 0.786965281025 1.5997843037 1.5887806344 1.62316922519 1.84041704408 0.608094906787 
