Mean Noise Amplitude <length scales>
-----------ALL SAMPLES-------------
-0.0204687046335 6.10820277108e-05 0.0142525494779 0.468281610428 1.36389143742 1.51795358761 1.22639143326 0.624410601614 1.9885874356 0.173228253213 
-0.0204695481093 5.41227773639e-05 0.0142521181358 0.730177265791 1.34484223991 1.19986496664 1.85864209845 0.430118047771 1.98918090702 0.100161144731 
-0.0198809892141 7.81915775579e-05 0.0136591415453 0.711969200694 1.41962615833 1.48592928599 1.15290165443 0.405986488016 1.8274534049 0.107310505863 
-0.0197398586658 2.92830285089e-05 0.0134284053536 0.724890555275 0.955190814865 1.44048933626 1.12596637375 0.386182952174 1.77620255216 0.155034743235 
-0.0198015738553 7.18860137854e-05 0.0133447655183 0.382322927097 1.70164968895 1.12525838261 1.41139001751 0.412692593195 1.98615814883 0.126480821152 
-0.0197961705679 6.03191277372e-05 0.0133362386773 0.484083295632 1.65855248775 1.29782325744 1.68597636505 0.56190000776 1.96655017868 0.154301995812 
-0.0204959158813 4.72504634305e-05 0.0135018591638 0.550724192526 1.8553182964 1.37967462152 1.16840236341 0.598689339371 1.72901470008 0.173201838783 
-0.020499189353 5.21443632402e-05 0.0134950773771 0.558751654114 1.48734646855 1.38580407977 1.03788877816 0.724626581464 1.53541411447 0.111898872173 
-0.0204990579009 5.23479760135e-05 0.0134954719667 0.420621764193 1.16239463083 0.864017683979 1.87519958313 0.654527541236 1.46831308479 0.122658581466 
-0.0205047638372 6.37570797024e-05 0.0134785593467 0.52881103358 1.80134221379 1.35698744377 1.14560004451 0.615416225561 1.82717959848 0.139630029609 
-----------MEAN OF SAMPLES-------------
-0.0202155772018 5.70384435051e-05 0.0136244186562 0.556063349933 1.47501544368 1.30538026456 1.36883587117 0.541455037816 1.8094054125 0.136390678604 
