Mean Noise Amplitude <length scales>
-----------ALL SAMPLES-------------
-0.156561072623 7.7754294016e-05 0.0302622732804 0.288534302369 0.222388152289 1.54862145759 0.926920605815 0.464595103655 1.98139464957 0.3966866275 
-0.156405591275 2.81532092208e-05 0.0301631380849 0.300445326954 0.230314898046 1.67999186258 0.871975324501 0.557746123113 1.9475855323 0.462301004488 
-0.156248217809 9.03992691797e-05 0.0302566652204 0.28393320289 0.235409597607 1.50418152989 0.86782937388 0.573801540922 1.99931721249 0.42025087544 
-0.156129875894 5.52699937682e-05 0.0302044154164 0.333490327114 0.21560884534 1.46587985176 0.897174094963 0.528817015967 1.98723453104 0.500981104653 
-0.156138401724 9.31801320633e-05 0.0301313307363 0.304067205192 0.230239190808 1.95818450608 1.03540959948 0.582703444112 1.96164395432 0.389753720947 
-0.156109642988 7.83128199839e-05 0.0301627316265 0.285239804772 0.223580580521 1.56447626404 0.990468757946 0.65627635529 1.9252799429 0.438010401992 
-0.156108800382 9.1626686768e-05 0.0301713581813 0.303454282936 0.213212806398 1.6048122345 1.01089777926 0.558385357561 1.98590356629 0.46302440698 
-0.15611972369 8.72364374165e-05 0.0301508117729 0.357296686987 0.230710468702 1.85504974143 0.754946217902 0.620118116149 1.71350574269 0.456793622731 
-0.15611505461 6.18971359965e-05 0.0301008775781 0.383462922223 0.196184155315 1.58356202346 0.82032011385 0.427105361301 1.84966309364 0.440571059333 
-0.156141916211 3.76585896661e-05 0.0300614817389 0.340301163403 0.190430162041 1.46376585627 0.763351455852 0.651322164941 1.95190626466 0.477902333557 
-----------MEAN OF SAMPLES-------------
-0.156207829721 7.01488568079e-05 0.0301665083636 0.318022522484 0.218807885707 1.62285253276 0.893929332345 0.562087058301 1.93034344899 0.444627515762 
